code/stars.ecsv
# %ECSV 1.0
# ---
# datatype:
# - {name: id, datatype: int32}
# - {name: xcentroid, datatype: float64, format: '%.2f'}
# - {name: ycentroid, datatype: float64, format: '%.2f'}
# - {name: sharpness, datatype: float64, format: '%.2f'}
# - {name: roundness1, datatype: float32, format: '%.2f'}
# - {name: roundness2, datatype: float64, format: '%.2f'}
# - {name: npix, datatype: int32}
# - {name: sky, datatype: float64, format: '%.2f'}
# - {name: peak, datatype: float64, format: '%.2f'}
# - {name: flux, datatype: float64, format: '%.2f'}
# - {name: mag, datatype: float64, format: '%.2f'}
# meta: !!omap
# - {date: '2024-06-06 15:18:02 W. Europe Daylight Time'}
# - version: {Python: 3.11.4, astropy: 6.1.0, bottleneck: 1.3.5, gwcs: 0.21.0, matplotlib: 3.7.1, numpy: 1.24.3, photutils: 1.12.0, scipy: 1.10.1,
#     skimage: 0.20.0, sklearn: 1.3.0}
# schema: astropy-2.0
id xcentroid ycentroid sharpness roundness1 roundness2 npix sky peak flux mag
1 3607.535980541464 34.95766816527636 0.3274444998619049 0.0022356398 0.3600974577692229 25 0.0 59.69561767578125 1.7291556596755981 -0.5945852262375572
2 2977.8695731980115 46.647499592466126 0.5239149913755532 -0.045909174 -0.075019167654138 25 0.0 47.7606201171875 1.5540441274642944 -0.4786583663458827
3 2322.6766440869683 65.22016461116992 0.39711877848950466 0.1625717 0.1102631537997476 25 0.0 44.7535400390625 1.5779169797897339 -0.4952103739774051
4 3656.1934849025088 72.90972832315255 0.3458726938518598 -0.021557799 0.23596930694647705 25 0.0 197.531005859375 6.4380106925964355 -2.021879234124908
5 413.4407712045532 91.44322590704633 0.48835203339932787 0.28794995 0.2874459275408993 25 0.0 72.3779296875 1.7363078594207764 -0.5990668277259379
6 3298.771433966037 99.70446057157969 0.4480472136017969 0.22317511 0.2364722418335169 25 0.0 53.1448974609375 1.627306342124939 -0.5286732925617786
7 1919.387953671603 127.80018277685511 0.4076952546516655 0.091690004 0.2945623549528099 25 0.0 88.46112060546875 2.6264443397521973 -1.0484205039056713
8 1731.3793789021756 131.52141809255252 0.37986774047818567 -0.06796918 0.11986264596378743 25 0.0 46.8934326171875 1.7004047632217407 -0.5763807821368261
9 2961.4410923186297 150.74626428763162 0.2812738757751407 -0.14033687 -0.05823440876913509 25 0.0 55.1131591796875 1.509326696395874 -0.44695813437192145
10 747.3400920649168 161.81434207853013 0.3885635014704476 0.22600988 0.17432546391125517 25 0.0 3558.710205078125 101.61106872558594 -5.017352548034385
11 2518.0367366435976 216.50286355747306 0.43647049287622874 0.09495342 0.3026375019146255 25 0.0 437.5595703125 14.405608177185059 -2.8963289952116664
12 3677.518778158717 234.7928076516975 0.39465367232857207 0.076300934 0.18951707581495486 25 0.0 1127.99267578125 36.24617385864258 -3.898155423144885
13 2073.1379204738673 252.03343547057938 0.37635043842072563 0.11030297 0.23543223679768732 25 0.0 26324.84765625 936.9813232421875 -7.429327335560702
14 481.81838377528965 280.51015129325134 0.33283186995443315 0.23200828 0.23111105185213326 25 0.0 175.67071533203125 5.082870960235596 -1.7652727108252295
15 56.72056298053231 286.631549501018 0.4121923612622852 0.37797967 0.35037033053907213 25 0.0 84.59381103515625 2.3912603855133057 -0.9465671730733005
16 3334.53934522904 346.40138240510413 0.25766949426554986 0.038890474 0.2510644717011607 25 0.0 72.0137939453125 2.368377685546875 -0.9361274014506027
17 474.70975652309306 390.150775718456 0.41551730580556345 0.0006009023 0.11489692039396088 25 0.0 72.20928955078125 2.259521722793579 -0.8850413023668052
18 1704.729158684018 413.57068991117734 0.43553797161928737 0.33570594 0.10454678669433397 25 0.0 61.37237548828125 2.2350943088531494 -0.8732396318135196
19 1742.969229896858 415.48892514304083 0.4287595297157344 0.043544482 0.0666333032166652 25 0.0 57.2471923828125 1.8657814264297485 -0.6771519135645028
20 1869.7941827870015 418.87969142698745 0.42218274465449457 0.084512345 0.24047547626442572 25 0.0 697.5188598632812 23.866392135620117 -3.444466930003547
21 242.82626858864063 447.77384523059135 0.40647686764346763 0.24280216 0.145321345383452 25 0.0 194.1661376953125 5.721450328826904 -1.8937653298352544
22 1300.379688381513 458.0091934973099 0.41849597424521273 0.12724343 0.25953922770120613 25 0.0 181.954345703125 5.700151443481445 -1.8897159857578032
23 2535.831177996593 470.37508940669863 0.40212504084174516 0.04029184 0.21511281427290319 25 0.0 353.1243896484375 11.749410629272461 -2.675040205482288
24 1818.903391029534 476.0056842429862 0.39308075436334816 0.08597073 0.20580498141831685 25 0.0 1666.376220703125 57.57246780395508 -4.400537113965688
25 1405.6323745894942 591.0988152799926 0.4642806213760677 -0.10232191 0.4057222750609236 25 0.0 47.49932861328125 1.5245782136917114 -0.45787427346455106
26 1956.579173871812 605.3393682669864 0.4088973471874567 0.005629303 0.16499028087012108 25 0.0 10734.255859375 368.3072509765625 -6.4155256725656775
27 3706.066683490692 608.1401212225393 0.38229373780476256 -0.030312097 0.05985212970420488 25 0.0 128.45538330078125 4.309883117675781 -1.5861637310649686
28 2917.316277373182 617.7079417480325 0.39582985385477637 0.008414933 0.194600024917509 25 0.0 451.98052978515625 15.924249649047852 -3.0051474438127457
29 3961.5821308267355 683.1307497850812 0.3260124027648075 -0.18557632 0.06699299580004024 25 0.0 32.147216796875 1.0198789834976196 -0.021371606078288106
30 1028.0511533327058 694.99452343336 0.31526091960199776 0.11260363 0.27053849358577253 25 0.0 56.9810791015625 2.0502450466156006 -0.7795144282892325
31 3150.978567960745 697.647977412902 0.4928110806446315 0.0014605988 0.4525485823707386 25 0.0 45.97869873046875 1.421539545059204 -0.3818973640093754
32 762.3407514063589 705.7851144468456 0.40759362364234114 0.18440013 0.19347448003821657 25 0.0 861.3494262695312 25.938465118408203 -3.53486068396463
33 1122.529132848644 747.3246516513556 0.39182366917041805 0.04705062 0.12832016234529947 25 0.0 25677.001953125 861.1548461914062 -7.337703124859532
34 1826.2742772262445 769.6135983107107 0.3557912237944664 0.06995172 0.26639151087383717 25 0.0 49.4501953125 1.691454529762268 -0.5706508185840682
35 2464.2603082582514 772.4491085532578 0.4000472085913213 0.102549255 0.1959227781369131 25 0.0 722.4381713867188 24.45655059814453 -3.470988008096621
36 2475.495368689542 781.8746429279663 0.40003145838184784 0.03754885 0.18111477414585772 25 0.0 521.1436157226562 17.493391036987305 -3.107185010532369
37 1765.8441933667596 784.868526888603 0.40087439535256436 0.1497147 0.34601187605382894 25 0.0 148.140869140625 4.979628086090088 -1.7429922694543127
38 1357.540283680549 889.6977268701 0.4003973705268242 0.19195175 0.3295816222277985 25 0.0 136.66363525390625 4.529766082763672 -1.6401894390343188
39 3001.7549737007603 901.3787743933958 0.4155843413218093 0.05043877 0.2252872297172831 25 0.0 474.1318359375 15.780328750610352 -2.995290116494147
40 2622.9746451264323 918.7776631781301 0.3806979658297103 0.1440174 0.1329295507287872 25 0.0 69.62921142578125 2.277000904083252 -0.8934080076295231
41 2316.431802676396 957.9094543540373 0.27130550573213036 -0.021348407 0.07831546943428701 25 0.0 43.3140869140625 1.4214932918548584 -0.38186203639873617
42 1198.440455274912 990.6665894261533 0.3650546573189316 -0.014537709 -0.11062888686324578 25 0.0 58.9892578125 1.9507396221160889 -0.7254982628960047
43 1357.2371199198105 1013.8960652258373 0.24202830417628748 0.18105534 0.42976224895033543 25 0.0 71.39788818359375 2.517148733139038 -1.0022721946845343
44 1833.9974213062073 1015.4745317785454 0.43307881275900173 -0.87562025 -0.46444522211158334 25 0.0 57917.51171875 1336.119140625 -7.814612963853755
45 1834.238704676023 1018.3907886140336 0.4712636480858685 -0.68444645 -0.5846772332458379 25 0.0 57747.8828125 1306.1922607421875 -7.7900177655368115
46 3999.9376625406653 1045.8693905627388 0.40690389134606275 0.049568836 0.20726108351933176 25 0.0 944.8816528320312 31.09282112121582 -3.7316503208520038
47 1201.316824910228 1062.4054622032281 0.41258104161103093 0.008412108 0.054113709217012126 25 0.0 424.1268310546875 14.355664253234863 -2.8925582315170835
48 2721.550946341915 1069.5950087655056 0.40770545261618596 0.055164758 0.22110737435581213 25 0.0 128.749755859375 4.393442153930664 -1.6070122816377275
49 242.36326090151607 1077.1947322569104 0.39656778006995563 0.10553996 -0.45186265878896903 25 0.0 57.9488525390625 1.9891672134399414 -0.746678230840116
50 3750.632779677761 1081.3171886180135 0.38119172488739844 0.27177155 0.2559462897732338 25 0.0 37.38623046875 1.2286468744277954 -0.22356770045454855
51 748.8537560885992 1086.2918762213444 0.5389713374919812 0.3905324 0.6741918033952612 25 0.0 32.55731201171875 1.3200645446777344 -0.30148791648444706
52 1725.3140496617787 1100.4411989985924 0.43901018610741477 0.14139903 0.21984039961022492 25 0.0 325.67034912109375 10.82608699798584 -2.5861787818537474
53 3633.6813581459783 1159.336460552497 0.4015918629466287 0.04038222 0.19610143387437273 25 0.0 490.40130615234375 16.36673355102539 -3.034905030491244
54 272.3132530293538 1167.2981177526412 0.3693165460118664 0.032387156 -0.02674595805072548 25 0.0 91.84857177734375 3.3033809661865234 -1.2973966552183855
55 3467.9317049827896 1183.4239911584539 0.3242200088955221 0.3901028 0.5103351689015398 25 0.0 34.70947265625 1.367809534072876 -0.34006406644984866
56 1049.274265778555 1186.8882081597862 0.35666089175678967 0.14857161 0.18713897606176783 25 0.0 83.9464111328125 2.745908260345459 -1.0967150588621064
57 3783.485751165708 1230.4541612411558 0.5340069339003132 -0.08364964 0.07803292337090112 25 0.0 57.73175048828125 1.782675862312317 -0.6276809602850926
58 1683.251429930581 1234.1762801331877 0.35639943502763205 0.065308504 0.13491177122744155 25 0.0 162.1353759765625 5.198972225189209 -1.7897937431996038
59 310.0395763553514 1250.308974321031 0.3466367720249486 0.20596977 0.05000498466051825 25 0.0 126.98394775390625 4.321186542510986 -1.5890075372398147
60 1250.3571492908259 1274.4678306650972 0.3919187400825342 0.07015625 0.5102081916325251 25 0.0 36.2401123046875 1.2515159845352173 -0.24359100212210813
61 3006.80584019479 1287.8204037467333 0.4054729797595097 0.096619695 0.23833880775451288 25 0.0 4434.90673828125 149.581787109375 -5.437196793991235
62 1611.1127375478457 1302.4134590372125 0.36705536723517307 0.020660503 0.21821157918024175 25 0.0 114.9293212890625 3.905588388442993 -1.479216177226368
63 632.0665468905536 1322.5624942059178 0.3648833023147393 0.07233869 0.1422932347218591 25 0.0 359.61175537109375 11.717886924743652 -2.6721232570928914
64 2725.3444999942353 1325.638976685714 0.4173818993039847 0.18758185 0.20553581968521586 25 0.0 40.712158203125 1.6242074966430664 -0.5266037766881749
65 857.385350486192 1371.6832411306032 0.4234411735258216 0.076607585 0.19046616508259095 25 0.0 266.03912353515625 8.42855453491211 -2.3143827528912175
66 2031.3891898282145 1408.604730829935 0.3911639074438839 0.05849429 0.1489411956657814 25 0.0 13070.3154296875 442.2534484863281 -6.614178070052446
67 1006.3633920167758 1441.9730196408414 0.35968311595882774 0.43523392 0.509519643872103 25 0.0 96.6290283203125 2.6473445892333984 -1.0570261863308432
68 2318.510462560189 1525.377019896343 0.4013444596850509 0.04669559 0.12206752671095616 25 0.0 30754.923828125 1015.2747192382812 -7.516458930514991
69 2240.9692117178324 1530.200698033139 0.3973128896819553 0.10593802 0.3314812733780068 25 0.0 56.05743408203125 1.7060946226119995 -0.5800077853358875
70 1259.277080446488 1555.9711600335584 0.4057361101305605 0.051307566 0.12205035508803173 25 0.0 44057.28125 1466.7078857421875 -7.915859067425696
71 648.579772723388 1584.8445485558411 0.41852499802779825 0.103506655 0.08591184149315897 25 0.0 84.99200439453125 3.022770881652832 -1.20101307501956
72 2160.7185210488005 1590.928585150828 0.44026869838232746 0.115854174 0.27445169724941954 25 0.0 137.1943359375 4.2836737632751465 -1.5795409708731607
73 3283.396540913537 1592.9653275492897 0.3774084206528971 0.052015655 0.18986563879159882 25 0.0 1114.5107421875 37.59623718261719 -3.937860951906853
74 1431.5801065412934 1598.811118197799 0.3598018988713457 0.13370506 -0.1165852496431925 25 0.0 52.05108642578125 1.8985698223114014 -0.6960664337487406
75 3220.877141342974 1629.740434873574 0.41830610305079735 -0.02138056 0.2235522682690443 25 0.0 97.23016357421875 3.0121212005615234 -1.197181107131809
76 1452.8345092348643 1641.9038787484303 0.39017049099873785 0.05458264 0.14818304273063243 25 0.0 20433.47265625 693.29541015625 -7.102295812589777
77 3948.9915079169086 1673.4025718642674 0.3857226738455342 0.08052227 0.20947381723281672 25 0.0 259.96832275390625 8.64554214477539 -2.341980580520479
78 4058.6765770829893 1701.2899841032608 0.2559185437337855 0.35619503 0.8678908701412582 25 0.0 33.68603515625 2.279407024383545 -0.8945547057333275
79 735.0239592006643 1703.343152468311 0.3816709857691144 -0.016629651 -0.09258056743143404 25 0.0 28.38739013671875 1.016868233680725 -0.018161701154331043
80 2528.4669436655454 1752.5837428568627 0.4411514875646193 0.7690805 -0.4505150802606096 25 0.0 56728.62890625 1218.6705322265625 -7.714715774759875
81 2527.265186587557 1758.5259037405165 0.4349707863647325 0.4649631 -0.7775823255021707 25 0.0 57239.71484375 1194.6876220703125 -7.693135910185729
82 987.4645491435782 1766.5190693605118 0.4000394249187252 0.023423491 0.08984080592087593 25 0.0 4565.3916015625 148.8378143310547 -5.43178320955938
83 3038.653019284321 1789.4025458929502 0.45461266356328506 -0.051881943 0.1389039357781847 25 0.0 33.403076171875 1.1461868286132812 -0.14813853365662571
84 1054.6763591921442 1790.3527328839407 0.4374810217913586 0.060993668 0.11659856886078122 25 0.0 1078.86376953125 36.382076263427734 -3.90221869971171
85 1906.4807181734107 1797.594514249243 0.3679382505107661 -0.0063151196 0.19023292086257912 25 0.0 419.65045166015625 14.24738883972168 -2.884338193069959
86 1659.9422829951368 1820.853623787123 0.4194674127382959 0.057622198 0.25752430382058983 25 0.0 410.07879638671875 13.350530624389648 -2.813746318308545
87 431.4342967118612 1857.7092156360347 0.40665167732517515 0.05807664 0.1533271511307671 25 0.0 291.65057373046875 9.771293640136719 -2.4748801614926963
88 3674.8050840758583 1866.7167142183832 0.39962859767071063 0.12470328 0.21369964658501592 25 0.0 219.326416015625 6.785923480987549 -2.0790223954300453
89 1667.7985707507617 1896.7837036888614 0.34254052313874794 -0.13868707 -0.2723785497416112 25 0.0 54.0694580078125 2.0635643005371094 -0.7865450150342765
90 2842.6184774142735 1901.2737683869589 0.3881369227737483 0.779916 -0.6269974614570855 25 0.0 58415.45703125 1199.4312744140625 -7.697438421510312
91 2839.5784110229342 1902.756480567451 0.47531761268691597 -0.9859765 0.35671013040872274 25 0.0 58080.16015625 1247.099609375 -7.7397528579830865
92 1726.7281830922677 1936.072140952882 0.33012462722384905 0.06938293 0.16782329651245886 25 0.0 46.56439208984375 1.8205220699310303 -0.6504898704808173
93 2656.6583344610804 1940.8074612502642 0.41424782893437123 -0.0068516475 0.08570926703265214 25 0.0 163.38592529296875 4.949692249298096 -1.7364454929972637
94 394.6399583371156 1960.466126834293 0.38264005778091875 0.16860685 0.18236609382996835 25 0.0 46.875244140625 1.4739314317703247 -0.42119320084212103
95 701.4568047946068 1966.656982557048 0.4041428577875086 0.033992704 0.11482157248761626 25 0.0 257.84954833984375 8.509149551391602 -2.3247153915174947
96 2336.536545812085 1966.1373386749449 0.3465442921617861 0.12595323 0.29011480528591865 25 0.0 41.33258056640625 1.6090707778930664 -0.5164378693717914
97 921.3746229163397 1966.92966439289 0.41294555607460365 0.0973312 0.4210782594844038 25 0.0 24.541015625 1.009255290031433 -0.01000258612844491
98 2646.5493360210967 1975.1472761695645 0.4158291633148821 0.051262017 0.1588895926081499 25 0.0 192.55718994140625 6.626796722412109 -2.053259121932423
99 2338.289356204766 1999.9351079939572 0.3783192060858788 0.050401606 0.30815728460703296 25 0.0 75.7335205078125 2.6968815326690674 -1.077154673475459
100 285.00176697035704 2004.78772919656 0.41082404088550983 -0.17300273 -0.07021462369437335 25 0.0 32.1466064453125 1.442251205444336 -0.397602276542263
101 3316.7873435999227 2019.7500876996232 0.40063494896938245 0.12026448 0.20916521055540835 25 0.0 1003.5507202148438 34.10416030883789 -3.832018402683784
102 319.86224517039847 2021.225930419346 0.4825876999466402 -0.04663385 -0.08295102548892333 25 0.0 49.32281494140625 1.539795994758606 -0.4686579640725078
103 2654.7612690884694 2041.3116195971872 0.4081300224858383 0.030249713 0.15402512817314773 25 0.0 48036.0 1637.51025390625 -8.035460070439642
104 2149.8566101162914 2046.1383073428024 0.5106175806606266 0.100842915 0.2320455145923479 25 0.0 138.74365234375 4.614412307739258 -1.6602909926798164
