code/stars.ecsv
# %ECSV 1.0
# ---
# datatype:
# - {name: id, datatype: int32}
# - {name: xcentroid, datatype: float64, format: '%.2f'}
# - {name: ycentroid, datatype: float64, format: '%.2f'}
# - {name: sharpness, datatype: float64, format: '%.2f'}
# - {name: roundness1, datatype: float32, format: '%.2f'}
# - {name: roundness2, datatype: float64, format: '%.2f'}
# - {name: npix, datatype: int32}
# - {name: sky, datatype: float64, format: '%.2f'}
# - {name: peak, datatype: float64, format: '%.2f'}
# - {name: flux, datatype: float64, format: '%.2f'}
# - {name: mag, datatype: float64, format: '%.2f'}
# meta: !!omap
# - {date: '2024-06-06 15:18:02 W. Europe Daylight Time'}
# - version: {Python: 3.11.4, astropy: 6.1.0, bottleneck: 1.3.5, gwcs: 0.21.0, matplotlib: 3.7.1, numpy: 1.24.3, photutils: 1.12.0, scipy: 1.10.1,
#     skimage: 0.20.0, sklearn: 1.3.0}
# schema: astropy-2.0
id xcentroid ycentroid sharpness roundness1 roundness2 npix sky peak flux mag
[from data line 105]
106 2053.53037141608 2071.4753766593653 0.35015527445965294 0.16725716 0.23426242333941874 25 0.0 98.57269287109375 3.2443652153015137 -1.2778243410845949
107 3175.170897178546 2089.9531530715235 0.3645763653041575 0.107289016 0.2566470712539021 25 0.0 219.56219482421875 7.5168070793151855 -2.1900835102886367
108 274.39736366450416 2093.0348903361196 0.5260507606499182 0.27435893 0.17580796944441524 25 0.0 28.67486572265625 1.0451557636260986 -0.04795254966355917
109 1435.406322228528 2106.3984990132435 0.3000956831129835 0.03223384 0.1571517913997416 25 0.0 36.3486328125 1.3778873682022095 -0.3480342968908423
110 1961.9882436305313 2141.7716067239103 0.40303258798378394 0.03477019 0.19636981100943032 25 0.0 1823.598876953125 62.73999786376953 -4.493861248936149
111 382.950046760498 2147.224604921444 0.28769870070543724 0.25789765 0.14795012490226847 25 0.0 43.6339111328125 1.7670925855636597 -0.6181482616361963
112 1522.8663387304682 2150.972145604522 0.4218677626414197 0.3400001 0.5760391491210325 25 0.0 36.5421142578125 1.5539313554763794 -0.47857957510001375
113 3879.329341085198 2182.675160417813 0.2651349815620021 0.10349851 0.5475671941794771 25 0.0 80.10345458984375 2.468057632446289 -0.9808882420913855
114 3094.961182022164 2221.0968742123114 0.28315386604164644 0.13017796 0.29897505630810756 25 0.0 45.34161376953125 1.6729366779327393 -0.5586987571506895
115 3998.523992831465 2239.438687670611 0.4217741530470891 -0.093153566 -0.4316505228413256 25 0.0 62351.3984375 1487.996337890625 -7.9315046559214055
116 1464.9969175429264 2240.373914547928 0.3516894325713454 0.061087042 0.1693975588065492 25 0.0 145.31610107421875 4.692232608795166 -1.6784488333168404
117 1012.9078396712142 2241.1060218031785 0.38821729235779384 0.047147777 0.14659369482951795 25 0.0 699.8032836914062 24.33634376525879 -3.4656383285470977
118 3998.765682162249 2240.641693309469 0.41373735004874773 -0.5333243 -0.03447493972745159 25 0.0 60816.99609375 1335.5782470703125 -7.814173342416108
119 2680.094408301386 2251.9724981169957 0.3721233193405257 0.16705684 0.4981169553369443 25 0.0 58.36639404296875 1.9846067428588867 -0.7441861564298092
120 2270.0156306229574 2272.642467778879 0.3699379886214299 0.1409936 0.1797567028230665 25 0.0 34.74298095703125 1.1278234720230103 -0.130602821977698
121 2031.6430863684066 2280.8307568200034 0.4445527430312589 0.2099857 0.4263290065488866 25 0.0 80.6290283203125 2.405437707901001 -0.9529852868366911
122 947.279402716444 2288.7479083452436 0.3617130591845088 0.07100357 0.15800156107979269 25 0.0 170.53302001953125 5.886997222900391 -1.9247345773513327
123 2417.8843718405255 2295.8836231522178 0.3512923992137208 0.18631737 0.38276624382581537 25 0.0 83.20458984375 2.7925915718078613 -1.1150185574044889
124 2724.097921441093 2311.745374102019 0.38794437517577945 0.11693644 0.22837719643399806 25 0.0 111.83599853515625 3.8925931453704834 -1.4755975338559633
125 1728.293020022346 2315.7404621935266 0.40667339306951256 0.0024376728 0.18527865894854822 25 0.0 13639.6953125 450.3046875 -6.633766169565828
126 1155.4231455227123 2324.1165849108343 0.45604554256675955 -0.029850017 0.013722897553092878 25 0.0 45.97796630859375 1.702919363975525 -0.5779852097338938
127 979.0205606879036 2389.487455868612 0.3991273340779141 0.07799915 0.10593663710178865 25 0.0 152.2562255859375 5.069097995758057 -1.762326717704192
128 566.7685704837265 2424.6138973682528 0.41049922260026445 -0.007026465 0.24556234195440013 25 0.0 73.26397705078125 2.496306896209717 -0.993244941245045
129 1107.641156611929 2491.894114613014 0.452392037814685 -0.25179186 -0.03737173996248974 25 0.0 56021.80859375 1404.2930908203125 -7.868644397764179
130 1107.6803106207276 2492.42610090811 0.42849944302291954 0.052299984 -0.023711393906785498 25 0.0 57722.57421875 1353.9329833984375 -7.828992920731461
131 172.81302737765398 2498.9410427046178 0.4188392542706796 0.0029023471 0.0666391495606578 25 0.0 353.003662109375 10.942967414855957 -2.5978377650365685
132 2015.585567167008 2504.3495570109294 0.25653076314516254 0.12485058 -0.02279711835932212 25 0.0 40.76568603515625 1.4553834199905396 -0.40744355761715895
133 3017.348161290782 2511.193192682432 0.4931484776394921 0.16075723 0.32743863414809504 25 0.0 50.3822021484375 1.733100414276123 -0.5970593151844701
134 629.9804670107709 2512.316279127073 0.35066958837780327 0.07888336 0.10325048024352605 25 0.0 254.23736572265625 8.524184226989746 -2.326632068085371
135 3884.147075134598 2515.4927772590136 0.4065134359713488 0.03210861 0.13477250166785384 25 0.0 2828.91845703125 90.19256591796875 -4.887926856220217
136 4020.1697252770623 2523.4407367596773 0.3779886612878908 0.1637293 0.2678815476843881 25 0.0 89.09619140625 2.871098518371582 -1.1451202376423972
137 3297.731212374954 2552.5885923554233 0.3834922444590324 0.025171008 0.17774344685200283 25 0.0 2333.63623046875 78.52899169921875 -4.737575053026049
138 1164.0625844901185 2553.848661760841 0.3853050973139968 0.032476705 0.15081702735209573 25 0.0 289.82086181640625 9.392635345458984 -2.4319686546306727
139 1390.5823078580067 2583.7542874565916 0.38102782179460626 0.14288047 0.22842880096463603 25 0.0 271.55810546875 9.024187088012695 -2.388520226141966
140 21.05910344767295 2608.5060497907043 0.37425164242990966 -0.020652827 -0.003705315645017808 25 0.0 2467.10205078125 72.84515380859375 -4.6560016615692925
141 3771.858802812498 2616.517556113086 0.510274514809559 -0.07649076 0.1747572937792673 25 0.0 27.9117431640625 1.1349191665649414 -0.1374123261467604
142 2954.5389380669817 2618.958447326236 0.4205326685219643 -0.027366154 0.5192050900794389 25 0.0 31.9337158203125 1.1830285787582397 -0.18248809032529237
143 3123.3248327415918 2634.3279537355943 0.44667081645987233 0.13756618 0.24564186344749073 25 0.0 101.18133544921875 3.1060643196105957 -1.2305261118705446
144 2667.5128161233197 2657.5029118235116 0.4220090565196152 0.038026612 0.2550371035110823 25 0.0 149.24530029296875 5.188676357269287 -1.787641456253819
145 951.8561395306701 2666.553702847928 0.4039577803635363 0.07286199 0.16978622763003196 25 0.0 3188.136962890625 102.2867431640625 -5.024548376954643
146 127.85913846171388 2678.2313443020666 0.4957570298291842 -0.19152102 0.01863277959073415 25 0.0 87.98577880859375 2.426858901977539 -0.9626113177623796
147 3246.8021079509986 2689.9490793472864 0.3657389464818773 0.12631759 0.34014406239803713 25 0.0 451.30401611328125 14.431829452514648 -2.898303469932472
148 2874.2956322547257 2705.423587048297 0.46567327503087763 0.25777054 0.2902458609352021 25 0.0 43.87835693359375 1.4012105464935303 -0.3662584936572186
149 2908.7818948566196 2725.352713047497 0.45134231877366776 -0.06545334 0.17991459976200563 25 0.0 51.532470703125 1.6529656648635864 -0.5456595814253685
150 3444.790773741805 2761.3344161972336 0.4100035413517599 0.031739544 0.14645330548874705 25 0.0 3184.33740234375 105.07624053955078 -5.053761315068685
151 3745.6875756075824 2791.95380364364 0.3205161426859887 0.1222845 0.2282309664511028 25 0.0 273.4840087890625 8.67599105834961 -2.3457977393744573
152 170.80540938135883 2795.7887511583317 0.33747587499177 -0.009847935 0.1075455687531379 25 0.0 132.12091064453125 3.8902194499969482 -1.4749352521796555
153 1304.069566962744 2795.749763265298 0.40378065836200805 0.23934647 0.2532367690164948 25 0.0 25.12139892578125 1.0562469959259033 -0.059413716954351305
154 3966.7951299394895 2859.428324368405 0.428491420456377 0.21299121 0.3667527335242339 25 0.0 81.48895263671875 2.646375894546509 -1.0566288299128477
155 3073.3955306867065 2873.7891721688175 0.3940071629528746 0.123184286 0.3678686158619419 25 0.0 67.6099853515625 2.2053568363189697 -0.8586971755595525
156 2532.4112621289637 2945.175354349386 0.4002441401750917 0.07937693 0.15342753045386667 25 0.0 3027.033935546875 102.288330078125 -5.024565221333816
157 3922.095013356547 2977.9141383171977 0.3928666099169145 -0.11498984 0.025062347205745288 25 0.0 43.79156494140625 1.461397647857666 -0.41192101001502673
158 2917.467585291288 2983.6233763527753 0.42667418556680375 0.104683325 0.14232817582836046 25 0.0 497.73748779296875 16.030927658081055 -3.0123966357557426
159 3984.984705998708 2998.8986747925755 0.28461064039945344 0.11534604 0.11219110453210886 25 0.0 154.56201171875 4.8880295753479 -1.722834562425205
160 1221.6400186783546 3030.938664109423 0.3655192752492516 0.059987187 0.1766794521122394 25 0.0 274.36529541015625 9.889439582824707 -2.4879292039720196
161 3313.024609471052 3089.2751485258195 0.4012645307981733 0.10917437 0.2091173448850213 25 0.0 5331.716796875 175.1539764404297 -5.608550003385392
162 2370.0101017404236 3090.2851732159997 0.3363208960817178 -0.028058447 -0.12280436064950565 25 0.0 63.31817626953125 2.0288803577423096 -0.7681410940442858
163 1883.2592349190143 3090.7618548727187 0.37980901259046895 -0.06686666 0.3043118998390029 25 0.0 53.61297607421875 1.8213541507720947 -0.650985999539248
164 2605.149991704854 3101.372745598912 0.6116486665490218 -0.21571901 0.15784257854554667 25 0.0 30.974853515625 1.0669487714767456 -0.07035891922876739
165 2634.884945523181 3109.6319143933306 0.3910607691473016 0.037646208 0.23428520097772187 25 0.0 304.9537353515625 10.423169136047363 -2.5449994627256105
166 2916.1307826354623 3114.502478498659 0.4035187323755796 0.15833206 0.053258429128852425 25 0.0 52.32440185546875 1.8548213243484497 -0.6707552005287208
167 586.5015233719614 3140.215830519732 0.3789972163051314 -0.054394852 0.04301126737523216 25 0.0 116.4239501953125 3.9792301654815674 -1.4994976505221635
168 841.3841866557965 3186.6965951463403 0.22733842401368157 -0.011078128 0.5342611597868278 25 0.0 19.3489990234375 1.0296223163604736 -0.031694867586534566
169 2199.33864315252 3189.6080862893673 0.3918125652309836 0.08152301 0.2610891974257058 25 0.0 151.17919921875 5.120980739593506 -1.7733828560554346
170 1061.2730482260781 3248.7594891654558 0.36855271543826906 -0.04491909 0.2269877007956079 25 0.0 111.58819580078125 3.596407413482666 -1.3896722105763333
171 3712.2489579830867 3254.799241175607 0.38842545339794116 0.091478005 0.21255120153435267 25 0.0 774.8943481445312 24.16451072692871 -3.457945015369828
172 3804.3029376377963 3307.7204259016917 0.40307982574105344 0.13357282 0.16380321552203414 25 0.0 1088.13818359375 34.03253173828125 -3.829735645518437
173 3213.198574506501 3308.7853566333984 0.38049677718861175 0.087307185 0.3030090118435137 25 0.0 1741.545654296875 55.485076904296875 -4.360440480797862
174 940.3244367653081 3317.183936260369 0.2864957703163671 -0.29187146 -0.3458844192416032 25 0.0 27.3740234375 1.051914095878601 -0.05495068697487798
175 3772.958793074985 3357.352893927564 0.3951126098716293 0.12846096 0.30208364557833955 25 0.0 117.96051025390625 3.5889809131622314 -1.3874278717105293
176 443.27500258069813 3367.580250307361 0.38571744354677917 0.021903135 0.1185529099415505 25 0.0 57662.6796875 1661.03564453125 -8.050947380431818
177 3196.952873089343 3368.735872058554 0.394700146267647 0.11367153 0.21131497586597742 25 0.0 152.43798828125 4.315156936645508 -1.587491487659793
178 3219.1126717924826 3376.255067033065 0.38944536418205444 0.11278959 0.24735596572053778 25 0.0 49829.1328125 1640.80810546875 -8.037644481869291
179 480.6671135898725 3391.477294393472 0.30090307178715003 -0.26616302 -0.41124567520084887 25 0.0 42.48272705078125 1.5009578466415405 -0.44092123888925605
180 3710.411269942836 3493.0471026534397 0.3786744034768348 0.094476625 0.18021899848288941 25 0.0 660.9656372070312 20.66546630859375 -3.288113023556085
181 3456.0736346217336 3599.910573840289 0.36085513160581406 0.12734944 0.2909669992682545 25 0.0 35.71112060546875 1.1480849981307983 -0.14993510528702414
182 1735.2518267227438 3611.184034188709 0.403087572618572 -0.1528906 -0.07095819020028223 25 0.0 30.84197998046875 1.0646620988845825 -0.06802948451944348
183 1169.4824175498802 3622.9884561254607 0.45533187044663953 0.06975411 0.13588035980096239 25 0.0 196.693359375 6.081811428070068 -1.960082375833082
184 597.7838617320791 3634.277633228282 0.3887580780918688 -0.028403705 0.23427912388312347 25 0.0 129.6346435546875 3.808220863342285 -1.4518053199673133
185 3576.573290940667 3634.881106582649 0.3782186767819776 0.21965726 0.1504278361030797 25 0.0 103.5894775390625 3.2020103931427 -1.2635568430659467
186 3531.6464305595055 3696.4202435538346 0.39282815039109026 0.04953517 0.13791883118304282 25 0.0 33.4720458984375 1.1572233438491821 -0.15854296445038665
187 1845.3553599581712 3704.4185573666514 0.32114674288033923 0.1551 0.30051115085359775 25 0.0 85.07470703125 3.078498363494873 -1.2208473176502153
188 958.9426546889418 3716.511945664026 0.45229609437166773 0.23422007 -0.01621602765032947 25 0.0 32.01116943359375 1.0661300420761108 -0.0695254533575827
189 3749.6947401371344 3736.8056115889835 0.38743306311518916 0.10870296 0.2756261762023531 25 0.0 348.52642822265625 10.220015525817871 -2.5236288889027785
190 3905.614831296792 3758.923815939983 0.38817635152223695 0.120375834 0.17418350817160427 25 0.0 5898.31787109375 166.7310028076172 -5.555040905634493
191 170.82883291680926 3764.0899107315495 0.46743638843093316 -0.05303586 0.04000652599033035 25 0.0 46.6763916015625 1.7151108980178833 -0.5857305162532584
192 3468.802929937821 3770.1339757265014 0.39197015542136404 0.15707117 0.26300282443423767 25 0.0 2276.19189453125 69.57279205322266 -4.606098581377319
193 1287.989644966076 3790.542710764926 0.392702728217684 0.10557563 0.2743826596859008 25 0.0 549.6755981445312 17.582067489624023 -3.112674856955401
194 3236.054468549469 3797.364144252784 0.39954833456943756 0.19220959 0.27084181091143755 25 0.0 351.61224365234375 11.072345733642578 -2.6105990953893965
195 2750.79404967095 3815.4698071741614 0.3730048930730364 0.09401529 0.25973771804995666 25 0.0 197.33001708984375 6.45451021194458 -2.0246582306346044
196 3541.8031490534568 3853.3562155302643 0.3155636623793334 0.20147829 0.24296895750388137 25 0.0 123.39056396484375 4.011918544769287 -1.5083802670546884
197 2063.259665148002 3866.2297794521046 0.35546507153682 0.07054254 0.2776307341427222 25 0.0 451.12762451171875 15.127458572387695 -2.9494149306500566
198 2470.8326977013435 3897.460702401823 0.3258017757299619 -0.2521124 -0.7750779338635597 25 0.0 348.8310546875 18.57799530029297 -3.172497121696187
